2920610
2952866
2985122
3017378
3049634
3081890
3114146
3146402
3178658
3210914
3243170
3275426
3307682
3339938
3372194
3404450
3436706
3468962
3501218
3533474
3565730
3597986
3630242
3662498
3694754
3727010
3759266
3791522
3823778
3856034
3888290
3920546
3952802
3985058
4017314
4049570
4081826
4114082
4146338
4178594
4210850
4243106
4275362
4307618
4339874
4372130
4404386
4436642
4468898
4501154
4533410
4565666
4597922
4630178
4662434
4694690
4726946
4759202
4791458
4823714
4855970
4888226
4920482
4952738
4984994
5017250
5049506
5081762
5114018
5146274
5178530
5210786
5243042
5275298
5307554
5339810
5372066
5404322
5436578
5468834
5501090
5533346
5565602
5597858
5630114
5662370
5694626
5726882
5759138
5791394
5823650
5855906
5888162
5920418
5952674
5984930
6017186
6049442
6081698
6113954
6146210
6178466
6210722
6242978
6275234
6307490
6339746
6372002
6404258
6436514
6468770
6501026
6533282
6565538
6597794
6630050
6662306
6694562
6726818
6759074
6791330
6823586
6855842
6888098
6920354
6952610
6984866
7017122
7049378
7081634
7113890
7146146
7178402
7210658
7242914
7275170
7307426
7339682
7371938
7404194
7436450
7468706
7500962
7533218
7565474
7597730
7629986
7662242
7694498
7726754
7759010
7791266
7823522
7855778
7888034
7920290
