97
74
67
122
125
74
93
76
85
65
105
104
45
58
65
24
10
84
96
72
32
48
77
108
34
68
72
27
85
62
92
79
15
61
73
86
55
36
98
126
44
66
15
95
5
105
116
102
123
76
66
28
24
124
37
98
67
70
91
118
20
48
91
123
60
69
114
17
58
91
118
59
54
21
63
114
34
113
82
64
10
123
56
90
83
54
105
97
69
31
80
24
41
52
83
43
14
83
120
74
84
67
102
87
6
91
122
3
13
123
120
43
42
125
45
128
40
111
13
12
101
107
43
123
110
35
119
61
75
107
9
85
41
50
48
27
7
45
111
16
42
29
1
122
78
99
85
65
86
87
95
53
66
77
89
118
12
88
109
109
50
98
110
7
50
123
27
74
20
69
78
