723
348
781
213
390
298
482
582
474
307
532
294
321
480
606
130
466
144
407
382
297
351
780
284
102
185
658
648
626
290
128
170
663
454
103
668
785
109
725
524
131
160
602
90
68
318
645
275
807
320
544
295
219
164
685
43
75
752
794
310
565
623
97
809
534
197
355
774
816
220
418
405
409
484
688
78
262
673
636
423
33
241
548
777
292
148
361
381
204
374
331
819
596
28
764
795
193
136
363
224
256
696
235
569
509
739
584
538
156
646
406
577
590
715
308
342
570
559
322
689
711
145
579
708
115
274
792
167
678
18
135
278
3
576
612
23
150
470
508
588
76
718
251
721
364
618
44
79
741
486
571
722
371
110
267
140
338
523
83
581
550
438
6
608
808
441
720
396
430
670
803
