723
348
781
213
390
298
482
582
474
307
532
294
321
480
606
130
466
144
407
382
297
351
780
284
102
185
658
648
626
290
128
170
663
454
103
668
785
284
109
725
524
131
160
602
90
68
318
645
275
807
320
544
295
219
164
685
43
103
75
582
752
794
310
565
623
295
97
809
534
197
68
355
102
774
816
524
220
418
405
409
484
688
78
454
262
673
636
423
33
241
548
418
777
292
148
361
43
381
204
374
331
819
596
28
275
764
795
193
109
136
363
224
256
696
235
569
509
739
584
538
156
646
406
577
590
715
308
342
570
559
322
689
711
145
579
482
668
708
115
274
792
167
678
18
135
278
3
576
612
23
150
470
508
588
534
76
718
251
721
364
618
44
79
741
486
588
571
722
371
110
267
140
565
307
338
523
83
581
550
438
145
618
6
608
109
808
405
441
764
720
396
636
430
618
170
670
524
803
