37
41
13
43
35
63
49
63
20
23
47
16
15
50
30
76
4
29
19
73
17
14
44
64
33
23
8
25
36
16
14
26
9
20
9
1
30
63
58
73
66
33
2
31
21
27
40
67
11
23
58
9
72
16
10
65
37
16
25
67
66
18
18
23
51
5
74
61
32
59
72
28
5
13
44
11
60
61
16
13
56
60
62
3
5
57
21
22
57
37
5
58
73
51
23
72
63
15
20
56
36
55
46
77
16
48
52
64
6
26
23
34
4
50
48
70
9
68
67
38
13
2
42
58
48
49
47
41
28
11
40
22
56
73
56
54
22
7
29
53
23
42
71
32
20
53
69
56
49
78
45
64
23
5
17
40
17
22
8
70
37
4
65
1
48
41
34
28
30
2
25
20
35
4
8
56
7
2
27
16
43
60
4
38
30
9
52
18
47
75
39
6
20
55
44
74
16
59
67
76
7
3
68
66
17
65
3
74
58
26
70
9
69
46
27
58
45
52
43
67
26
49
13
